# This puzzle is solvable
17
 65 121 119   8  69 210 173   5 128  73  12  11  13 215  75  14  80 
163   2  62   1 208 217  72   6 269  71 281  74  76  15 133  16  17 
  3  61 124  68 174  70 288 268  81 171 132 247  84  78  79  20  82 
122  64  63   7 118 241  66 127 126 167 271 246   9 213 131  83  18 
 67 207 120 239 211 129 240 267 266  77 222 283 178 184 135  22  88 
  4 204 214  60 170 248 206 179 176 125 182 228 181 136  85 134 180 
209 116 205 123 164 109 284 244 212 186  10 137 286  21 216  87  19 
262  54 234 265 168 238 242 165 175 229 249 183 203 256  24 270 130 
202 114 115  58 287 197  59 261 172 220 252 188 219 177  23  25 146 
233 279 243 117 258 272 112 276 194 236 280 169 147 285 250 218 138 
111 104 166 159  57 237 148 254   0 224  98 257 140 225 139 221 144 
 56 162 113 260 282  38 196 245  42  36 251 227 145 141  89 223 142 
110 160 161  55 264 255 154  45 263 192  39  90  91  86 149  27  26 
107 157 155 158 201 232 195 275 253 102 151 230  94  35 143  28 185 
 53  52  49  46 259 231 274 152  41 198 189  40 153 100  93 190  30 
199 105 235  50  48 106 101  44 226 273  99  37  29 191  31 187  33 
200  51 156 108  47 278 103 277  43 150  97 193  95  34  96  32  92 
